# nurbs mesh v.2.1
#
# 05-Feb-2020
#
2 2 6 7 0 
PATCH 1 
1 1 
2 2 
0.000000000000000   0.000000000000000   1.000000000000000   1.000000000000000   
0.000000000000000   0.000000000000000   1.000000000000000   1.000000000000000   
3.500000000000000   5.000000000000000   3.500000000000000   5.000000000000000   
0.000000000000000   0.000000000000000   2.000000000000000   2.000000000000000   
1.000000000000000   1.000000000000000   1.000000000000000   1.000000000000000   
PATCH 2 
1 1 
2 2 
0.000000000000000   0.000000000000000   1.000000000000000   1.000000000000000   
0.000000000000000   0.000000000000000   1.000000000000000   1.000000000000000   
3.500000000000000   5.000000000000000   3.500000000000000   5.000000000000000   
2.000000000000000   2.000000000000000   3.000000000000000   3.000000000000000   
1.000000000000000   1.000000000000000   1.000000000000000   1.000000000000000   
PATCH 3 
1 1 
2 2 
0.000000000000000   0.000000000000000   1.000000000000000   1.000000000000000   
0.000000000000000   0.000000000000000   1.000000000000000   1.000000000000000   
3.500000000000000   5.000000000000000   3.500000000000000   5.000000000000000   
3.000000000000000   3.000000000000000   6.000000000000000   6.000000000000000   
1.000000000000000   1.000000000000000   1.000000000000000   1.000000000000000   
PATCH 4 
1 1 
2 2 
0.000000000000000   0.000000000000000   1.000000000000000   1.000000000000000   
0.000000000000000   0.000000000000000   1.000000000000000   1.000000000000000   
0.000000000000000   3.500000000000000   0.000000000000000   3.500000000000000   
3.000000000000000   3.000000000000000   6.000000000000000   6.000000000000000   
1.000000000000000   1.000000000000000   1.000000000000000   1.000000000000000   
PATCH 5 
1 1 
2 2 
0.000000000000000   0.000000000000000   1.000000000000000   1.000000000000000   
0.000000000000000   0.000000000000000   1.000000000000000   1.000000000000000   
0.000000000000000   3.500000000000000   0.000000000000000   3.500000000000000   
2.000000000000000   2.000000000000000   3.000000000000000   3.000000000000000   
1.000000000000000   1.000000000000000   1.000000000000000   1.000000000000000   
PATCH 6 
1 1 
2 2 
0.000000000000000   0.000000000000000   1.000000000000000   1.000000000000000   
0.000000000000000   0.000000000000000   1.000000000000000   1.000000000000000   
0.000000000000000   3.500000000000000   0.000000000000000   3.500000000000000   
0.000000000000000   0.000000000000000   2.000000000000000   2.000000000000000   
1.000000000000000   1.000000000000000   1.000000000000000   1.000000000000000   
INTERFACE 1 
1 1 
6 2 
1 
INTERFACE 2 
1 4 
2 3 
1 
INTERFACE 3 
2 1 
5 2 
1 
INTERFACE 4 
2 4 
3 3 
1 
INTERFACE 5 
3 1 
4 2 
1 
INTERFACE 6 
4 3 
5 4 
1 
INTERFACE 7 
5 3 
6 4 
1 
BOUNDARY 1 
10 
1 2 
1 3 
2 2 
3 2 
3 4 
4 1 
4 4 
5 1 
6 1 
6 3 
