# nurbs mesh v.2.1
#
# 14-Feb-2020
#
2 2 9 12 0 
PATCH 1 
2 2 
5 5 
0.000000000000000   0.000000000000000   0.000000000000000   0.125000000000000   0.250000000000000   1.000000000000000   1.000000000000000   1.000000000000000   
0.000000000000000   0.000000000000000   0.000000000000000   0.750000000000000   0.875000000000000   1.000000000000000   1.000000000000000   1.000000000000000   
3.000000000000000   3.187500000000000   3.562500000000000   4.875000000000000   6.000000000000000   3.000000000000000   3.187500000000000   3.562500000000000   4.875000000000000   6.000000000000000   3.000000000000000   3.187500000000000   3.562500000000000   4.875000000000000   6.000000000000000   3.000000000000000   3.187500000000000   3.562500000000000   4.875000000000000   6.000000000000000   3.000000000000000   3.187500000000000   3.562500000000000   4.875000000000000   6.000000000000000   
0.000000000000000   0.000000000000000   0.000000000000000   0.000000000000000   0.000000000000000   1.125000000000000   1.125000000000000   1.125000000000000   1.125000000000000   1.125000000000000   2.437500000000000   2.437500000000000   2.437500000000000   2.437500000000000   2.437500000000000   2.812500000000000   2.812500000000000   2.812500000000000   2.812500000000000   2.812500000000000   3.000000000000000   3.000000000000000   3.000000000000000   3.000000000000000   3.000000000000000   
1.000000000000000   1.000000000000000   1.000000000000000   1.000000000000000   1.000000000000000   1.000000000000000   1.000000000000000   1.000000000000000   1.000000000000000   1.000000000000000   1.000000000000000   1.000000000000000   1.000000000000000   1.000000000000000   1.000000000000000   1.000000000000000   1.000000000000000   1.000000000000000   1.000000000000000   1.000000000000000   1.000000000000000   1.000000000000000   1.000000000000000   1.000000000000000   1.000000000000000   
PATCH 2 
2 2 
5 7 
0.000000000000000   0.000000000000000   0.000000000000000   0.125000000000000   0.250000000000000   1.000000000000000   1.000000000000000   1.000000000000000   
0.000000000000000   0.000000000000000   0.000000000000000   0.125000000000000   0.250000000000000   0.750000000000000   0.875000000000000   1.000000000000000   1.000000000000000   1.000000000000000   
3.000000000000000   3.187500000000000   3.562500000000000   4.875000000000000   6.000000000000000   3.000000000000000   3.187500000000000   3.562500000000000   4.875000000000000   6.000000000000000   3.000000000000000   3.187500000000000   3.562500000000000   4.875000000000000   6.000000000000000   3.000000000000000   3.187500000000000   3.562500000000000   4.875000000000000   6.000000000000000   3.000000000000000   3.187500000000000   3.562500000000000   4.875000000000000   6.000000000000000   3.000000000000000   3.187500000000000   3.562500000000000   4.875000000000000   6.000000000000000   3.000000000000000   3.187500000000000   3.562500000000000   4.875000000000000   6.000000000000000   
3.000000000000000   3.000000000000000   3.000000000000000   3.000000000000000   3.000000000000000   3.062500000000000   3.062500000000000   3.062500000000000   3.062500000000000   3.062500000000000   3.187500000000000   3.187500000000000   3.187500000000000   3.187500000000000   3.187500000000000   3.500000000000000   3.500000000000000   3.500000000000000   3.500000000000000   3.500000000000000   3.812500000000000   3.812500000000000   3.812500000000000   3.812500000000000   3.812500000000000   3.937500000000000   3.937500000000000   3.937500000000000   3.937500000000000   3.937500000000000   4.000000000000000   4.000000000000000   4.000000000000000   4.000000000000000   4.000000000000000   
1.000000000000000   1.000000000000000   1.000000000000000   1.000000000000000   1.000000000000000   1.000000000000000   1.000000000000000   1.000000000000000   1.000000000000000   1.000000000000000   1.000000000000000   1.000000000000000   1.000000000000000   1.000000000000000   1.000000000000000   1.000000000000000   1.000000000000000   1.000000000000000   1.000000000000000   1.000000000000000   1.000000000000000   1.000000000000000   1.000000000000000   1.000000000000000   1.000000000000000   1.000000000000000   1.000000000000000   1.000000000000000   1.000000000000000   1.000000000000000   1.000000000000000   1.000000000000000   1.000000000000000   1.000000000000000   1.000000000000000   
PATCH 3 
2 2 
5 5 
0.000000000000000   0.000000000000000   0.000000000000000   0.125000000000000   0.250000000000000   1.000000000000000   1.000000000000000   1.000000000000000   
0.000000000000000   0.000000000000000   0.000000000000000   0.125000000000000   0.250000000000000   1.000000000000000   1.000000000000000   1.000000000000000   
3.000000000000000   3.187500000000000   3.562500000000000   4.875000000000000   6.000000000000000   3.000000000000000   3.187500000000000   3.562500000000000   4.875000000000000   6.000000000000000   3.000000000000000   3.187500000000000   3.562500000000000   4.875000000000000   6.000000000000000   3.000000000000000   3.187500000000000   3.562500000000000   4.875000000000000   6.000000000000000   3.000000000000000   3.187500000000000   3.562500000000000   4.875000000000000   6.000000000000000   
4.000000000000000   4.000000000000000   4.000000000000000   4.000000000000000   4.000000000000000   4.187500000000000   4.187500000000000   4.187500000000000   4.187500000000000   4.187500000000000   4.562500000000000   4.562500000000000   4.562500000000000   4.562500000000000   4.562500000000000   5.875000000000000   5.875000000000000   5.875000000000000   5.875000000000000   5.875000000000000   7.000000000000000   7.000000000000000   7.000000000000000   7.000000000000000   7.000000000000000   
1.000000000000000   1.000000000000000   1.000000000000000   1.000000000000000   1.000000000000000   1.000000000000000   1.000000000000000   1.000000000000000   1.000000000000000   1.000000000000000   1.000000000000000   1.000000000000000   1.000000000000000   1.000000000000000   1.000000000000000   1.000000000000000   1.000000000000000   1.000000000000000   1.000000000000000   1.000000000000000   1.000000000000000   1.000000000000000   1.000000000000000   1.000000000000000   1.000000000000000   
PATCH 4 
2 2 
7 5 
0.000000000000000   0.000000000000000   0.000000000000000   0.125000000000000   0.250000000000000   0.750000000000000   0.875000000000000   1.000000000000000   1.000000000000000   1.000000000000000   
0.000000000000000   0.000000000000000   0.000000000000000   0.125000000000000   0.250000000000000   1.000000000000000   1.000000000000000   1.000000000000000   
0.000000000000000   0.187500000000000   0.562500000000000   1.500000000000000   2.437500000000000   2.812500000000000   3.000000000000000   0.000000000000000   0.187500000000000   0.562500000000000   1.500000000000000   2.437500000000000   2.812500000000000   3.000000000000000   0.000000000000000   0.187500000000000   0.562500000000000   1.500000000000000   2.437500000000000   2.812500000000000   3.000000000000000   0.000000000000000   0.187500000000000   0.562500000000000   1.500000000000000   2.437500000000000   2.812500000000000   3.000000000000000   0.000000000000000   0.187500000000000   0.562500000000000   1.500000000000000   2.437500000000000   2.812500000000000   3.000000000000000   
4.000000000000000   4.000000000000000   4.000000000000000   4.000000000000000   4.000000000000000   4.000000000000000   4.000000000000000   4.187500000000000   4.187500000000000   4.187500000000000   4.187500000000000   4.187500000000000   4.187500000000000   4.187500000000000   4.562500000000000   4.562500000000000   4.562500000000000   4.562500000000000   4.562500000000000   4.562500000000000   4.562500000000000   5.875000000000000   5.875000000000000   5.875000000000000   5.875000000000000   5.875000000000000   5.875000000000000   5.875000000000000   7.000000000000000   7.000000000000000   7.000000000000000   7.000000000000000   7.000000000000000   7.000000000000000   7.000000000000000   
1.000000000000000   1.000000000000000   1.000000000000000   1.000000000000000   1.000000000000000   1.000000000000000   1.000000000000000   1.000000000000000   1.000000000000000   1.000000000000000   1.000000000000000   1.000000000000000   1.000000000000000   1.000000000000000   1.000000000000000   1.000000000000000   1.000000000000000   1.000000000000000   1.000000000000000   1.000000000000000   1.000000000000000   1.000000000000000   1.000000000000000   1.000000000000000   1.000000000000000   1.000000000000000   1.000000000000000   1.000000000000000   1.000000000000000   1.000000000000000   1.000000000000000   1.000000000000000   1.000000000000000   1.000000000000000   1.000000000000000   
PATCH 5 
2 2 
7 7 
0.000000000000000   0.000000000000000   0.000000000000000   0.125000000000000   0.250000000000000   0.750000000000000   0.875000000000000   1.000000000000000   1.000000000000000   1.000000000000000   
0.000000000000000   0.000000000000000   0.000000000000000   0.125000000000000   0.250000000000000   0.750000000000000   0.875000000000000   1.000000000000000   1.000000000000000   1.000000000000000   
0.000000000000000   0.187500000000000   0.562500000000000   1.500000000000000   2.437500000000000   2.812500000000000   3.000000000000000   0.000000000000000   0.187500000000000   0.562500000000000   1.500000000000000   2.437500000000000   2.812500000000000   3.000000000000000   0.000000000000000   0.187500000000000   0.562500000000000   1.500000000000000   2.437500000000000   2.812500000000000   3.000000000000000   0.000000000000000   0.187500000000000   0.562500000000000   1.500000000000000   2.437500000000000   2.812500000000000   3.000000000000000   0.000000000000000   0.187500000000000   0.562500000000000   1.500000000000000   2.437500000000000   2.812500000000000   3.000000000000000   0.000000000000000   0.187500000000000   0.562500000000000   1.500000000000000   2.437500000000000   2.812500000000000   3.000000000000000   0.000000000000000   0.187500000000000   0.562500000000000   1.500000000000000   2.437500000000000   2.812500000000000   3.000000000000000   
3.000000000000000   3.000000000000000   3.000000000000000   3.000000000000000   3.000000000000000   3.000000000000000   3.000000000000000   3.062500000000000   3.062500000000000   3.062500000000000   3.062500000000000   3.062500000000000   3.062500000000000   3.062500000000000   3.187500000000000   3.187500000000000   3.187500000000000   3.187500000000000   3.187500000000000   3.187500000000000   3.187500000000000   3.500000000000000   3.500000000000000   3.500000000000000   3.500000000000000   3.500000000000000   3.500000000000000   3.500000000000000   3.812500000000000   3.812500000000000   3.812500000000000   3.812500000000000   3.812500000000000   3.812500000000000   3.812500000000000   3.937500000000000   3.937500000000000   3.937500000000000   3.937500000000000   3.937500000000000   3.937500000000000   3.937500000000000   4.000000000000000   4.000000000000000   4.000000000000000   4.000000000000000   4.000000000000000   4.000000000000000   4.000000000000000   
1.000000000000000   1.000000000000000   1.000000000000000   1.000000000000000   1.000000000000000   1.000000000000000   1.000000000000000   1.000000000000000   1.000000000000000   1.000000000000000   1.000000000000000   1.000000000000000   1.000000000000000   1.000000000000000   1.000000000000000   1.000000000000000   1.000000000000000   1.000000000000000   1.000000000000000   1.000000000000000   1.000000000000000   1.000000000000000   1.000000000000000   1.000000000000000   1.000000000000000   1.000000000000000   1.000000000000000   1.000000000000000   1.000000000000000   1.000000000000000   1.000000000000000   1.000000000000000   1.000000000000000   1.000000000000000   1.000000000000000   1.000000000000000   1.000000000000000   1.000000000000000   1.000000000000000   1.000000000000000   1.000000000000000   1.000000000000000   1.000000000000000   1.000000000000000   1.000000000000000   1.000000000000000   1.000000000000000   1.000000000000000   1.000000000000000   
PATCH 6 
2 2 
7 5 
0.000000000000000   0.000000000000000   0.000000000000000   0.125000000000000   0.250000000000000   0.750000000000000   0.875000000000000   1.000000000000000   1.000000000000000   1.000000000000000   
0.000000000000000   0.000000000000000   0.000000000000000   0.750000000000000   0.875000000000000   1.000000000000000   1.000000000000000   1.000000000000000   
0.000000000000000   0.187500000000000   0.562500000000000   1.500000000000000   2.437500000000000   2.812500000000000   3.000000000000000   0.000000000000000   0.187500000000000   0.562500000000000   1.500000000000000   2.437500000000000   2.812500000000000   3.000000000000000   0.000000000000000   0.187500000000000   0.562500000000000   1.500000000000000   2.437500000000000   2.812500000000000   3.000000000000000   0.000000000000000   0.187500000000000   0.562500000000000   1.500000000000000   2.437500000000000   2.812500000000000   3.000000000000000   0.000000000000000   0.187500000000000   0.562500000000000   1.500000000000000   2.437500000000000   2.812500000000000   3.000000000000000   
0.000000000000000   0.000000000000000   0.000000000000000   0.000000000000000   0.000000000000000   0.000000000000000   0.000000000000000   1.125000000000000   1.125000000000000   1.125000000000000   1.125000000000000   1.125000000000000   1.125000000000000   1.125000000000000   2.437500000000000   2.437500000000000   2.437500000000000   2.437500000000000   2.437500000000000   2.437500000000000   2.437500000000000   2.812500000000000   2.812500000000000   2.812500000000000   2.812500000000000   2.812500000000000   2.812500000000000   2.812500000000000   3.000000000000000   3.000000000000000   3.000000000000000   3.000000000000000   3.000000000000000   3.000000000000000   3.000000000000000   
1.000000000000000   1.000000000000000   1.000000000000000   1.000000000000000   1.000000000000000   1.000000000000000   1.000000000000000   1.000000000000000   1.000000000000000   1.000000000000000   1.000000000000000   1.000000000000000   1.000000000000000   1.000000000000000   1.000000000000000   1.000000000000000   1.000000000000000   1.000000000000000   1.000000000000000   1.000000000000000   1.000000000000000   1.000000000000000   1.000000000000000   1.000000000000000   1.000000000000000   1.000000000000000   1.000000000000000   1.000000000000000   1.000000000000000   1.000000000000000   1.000000000000000   1.000000000000000   1.000000000000000   1.000000000000000   1.000000000000000   
PATCH 7 
2 2 
5 5 
0.000000000000000   0.000000000000000   0.000000000000000   0.750000000000000   0.875000000000000   1.000000000000000   1.000000000000000   1.000000000000000   
0.000000000000000   0.000000000000000   0.000000000000000   0.750000000000000   0.875000000000000   1.000000000000000   1.000000000000000   1.000000000000000   
-3.000000000000000   -1.875000000000000   -0.562500000000000   -0.187500000000000   0.000000000000000   -3.000000000000000   -1.875000000000000   -0.562500000000000   -0.187500000000000   0.000000000000000   -3.000000000000000   -1.875000000000000   -0.562500000000000   -0.187500000000000   0.000000000000000   -3.000000000000000   -1.875000000000000   -0.562500000000000   -0.187500000000000   0.000000000000000   -3.000000000000000   -1.875000000000000   -0.562500000000000   -0.187500000000000   0.000000000000000   
0.000000000000000   0.000000000000000   0.000000000000000   0.000000000000000   0.000000000000000   1.125000000000000   1.125000000000000   1.125000000000000   1.125000000000000   1.125000000000000   2.437500000000000   2.437500000000000   2.437500000000000   2.437500000000000   2.437500000000000   2.812500000000000   2.812500000000000   2.812500000000000   2.812500000000000   2.812500000000000   3.000000000000000   3.000000000000000   3.000000000000000   3.000000000000000   3.000000000000000   
1.000000000000000   1.000000000000000   1.000000000000000   1.000000000000000   1.000000000000000   1.000000000000000   1.000000000000000   1.000000000000000   1.000000000000000   1.000000000000000   1.000000000000000   1.000000000000000   1.000000000000000   1.000000000000000   1.000000000000000   1.000000000000000   1.000000000000000   1.000000000000000   1.000000000000000   1.000000000000000   1.000000000000000   1.000000000000000   1.000000000000000   1.000000000000000   1.000000000000000   
PATCH 8 
2 2 
5 7 
0.000000000000000   0.000000000000000   0.000000000000000   0.750000000000000   0.875000000000000   1.000000000000000   1.000000000000000   1.000000000000000   
0.000000000000000   0.000000000000000   0.000000000000000   0.125000000000000   0.250000000000000   0.750000000000000   0.875000000000000   1.000000000000000   1.000000000000000   1.000000000000000   
-3.000000000000000   -1.875000000000000   -0.562500000000000   -0.187500000000000   0.000000000000000   -3.000000000000000   -1.875000000000000   -0.562500000000000   -0.187500000000000   0.000000000000000   -3.000000000000000   -1.875000000000000   -0.562500000000000   -0.187500000000000   0.000000000000000   -3.000000000000000   -1.875000000000000   -0.562500000000000   -0.187500000000000   0.000000000000000   -3.000000000000000   -1.875000000000000   -0.562500000000000   -0.187500000000000   0.000000000000000   -3.000000000000000   -1.875000000000000   -0.562500000000000   -0.187500000000000   0.000000000000000   -3.000000000000000   -1.875000000000000   -0.562500000000000   -0.187500000000000   0.000000000000000   
3.000000000000000   3.000000000000000   3.000000000000000   3.000000000000000   3.000000000000000   3.062500000000000   3.062500000000000   3.062500000000000   3.062500000000000   3.062500000000000   3.187500000000000   3.187500000000000   3.187500000000000   3.187500000000000   3.187500000000000   3.500000000000000   3.500000000000000   3.500000000000000   3.500000000000000   3.500000000000000   3.812500000000000   3.812500000000000   3.812500000000000   3.812500000000000   3.812500000000000   3.937500000000000   3.937500000000000   3.937500000000000   3.937500000000000   3.937500000000000   4.000000000000000   4.000000000000000   4.000000000000000   4.000000000000000   4.000000000000000   
1.000000000000000   1.000000000000000   1.000000000000000   1.000000000000000   1.000000000000000   1.000000000000000   1.000000000000000   1.000000000000000   1.000000000000000   1.000000000000000   1.000000000000000   1.000000000000000   1.000000000000000   1.000000000000000   1.000000000000000   1.000000000000000   1.000000000000000   1.000000000000000   1.000000000000000   1.000000000000000   1.000000000000000   1.000000000000000   1.000000000000000   1.000000000000000   1.000000000000000   1.000000000000000   1.000000000000000   1.000000000000000   1.000000000000000   1.000000000000000   1.000000000000000   1.000000000000000   1.000000000000000   1.000000000000000   1.000000000000000   
PATCH 9 
2 2 
5 5 
0.000000000000000   0.000000000000000   0.000000000000000   0.750000000000000   0.875000000000000   1.000000000000000   1.000000000000000   1.000000000000000   
0.000000000000000   0.000000000000000   0.000000000000000   0.125000000000000   0.250000000000000   1.000000000000000   1.000000000000000   1.000000000000000   
-3.000000000000000   -1.875000000000000   -0.562500000000000   -0.187500000000000   0.000000000000000   -3.000000000000000   -1.875000000000000   -0.562500000000000   -0.187500000000000   0.000000000000000   -3.000000000000000   -1.875000000000000   -0.562500000000000   -0.187500000000000   0.000000000000000   -3.000000000000000   -1.875000000000000   -0.562500000000000   -0.187500000000000   0.000000000000000   -3.000000000000000   -1.875000000000000   -0.562500000000000   -0.187500000000000   0.000000000000000   
4.000000000000000   4.000000000000000   4.000000000000000   4.000000000000000   4.000000000000000   4.187500000000000   4.187500000000000   4.187500000000000   4.187500000000000   4.187500000000000   4.562500000000000   4.562500000000000   4.562500000000000   4.562500000000000   4.562500000000000   5.875000000000000   5.875000000000001   5.875000000000000   5.875000000000000   5.875000000000000   7.000000000000000   7.000000000000000   7.000000000000000   7.000000000000000   7.000000000000000   
1.000000000000000   1.000000000000000   1.000000000000000   1.000000000000000   1.000000000000000   1.000000000000000   1.000000000000000   1.000000000000000   1.000000000000000   1.000000000000000   1.000000000000000   1.000000000000000   1.000000000000000   1.000000000000000   1.000000000000000   1.000000000000000   1.000000000000000   1.000000000000000   1.000000000000000   1.000000000000000   1.000000000000000   1.000000000000000   1.000000000000000   1.000000000000000   1.000000000000000   
INTERFACE 1 
1 1 
6 2 
1 
INTERFACE 2 
1 4 
2 3 
1 
INTERFACE 3 
2 1 
5 2 
1 
INTERFACE 4 
2 4 
3 3 
1 
INTERFACE 5 
3 1 
4 2 
1 
INTERFACE 6 
4 1 
9 2 
1 
INTERFACE 7 
4 3 
5 4 
1 
INTERFACE 8 
5 1 
8 2 
1 
INTERFACE 9 
5 3 
6 4 
1 
INTERFACE 10 
6 1 
7 2 
1 
INTERFACE 11 
7 4 
8 3 
1 
INTERFACE 12 
8 4 
9 3 
1 
BOUNDARY 1 
12 
1 2 
2 2 
3 2 
3 4 
4 4 
9 4 
9 1 
8 1 
7 1 
7 3 
6 3 
1 3 
