# nurbs mesh v.2.1
#
# 08-Feb-2020
#
2 2 9 12 0 
PATCH 1 
1 1 
2 2 
0.000000000000000   0.000000000000000   1.000000000000000   1.000000000000000   
0.000000000000000   0.000000000000000   1.000000000000000   1.000000000000000   
3.000000000000000   6.000000000000000   3.000000000000000   6.000000000000000   
0.000000000000000   0.000000000000000   3.000000000000000   3.000000000000000   
1.000000000000000   1.000000000000000   1.000000000000000   1.000000000000000   
PATCH 2 
1 1 
2 2 
0.000000000000000   0.000000000000000   1.000000000000000   1.000000000000000   
0.000000000000000   0.000000000000000   1.000000000000000   1.000000000000000   
3.000000000000000   6.000000000000000   3.000000000000000   6.000000000000000   
3.000000000000000   3.000000000000000   4.000000000000000   4.000000000000000   
1.000000000000000   1.000000000000000   1.000000000000000   1.000000000000000   
PATCH 3 
1 1 
2 2 
0.000000000000000   0.000000000000000   1.000000000000000   1.000000000000000   
0.000000000000000   0.000000000000000   1.000000000000000   1.000000000000000   
3.000000000000000   6.000000000000000   3.000000000000000   6.000000000000000   
4.000000000000000   4.000000000000000   7.000000000000000   7.000000000000000   
1.000000000000000   1.000000000000000   1.000000000000000   1.000000000000000   
PATCH 4 
1 1 
2 2 
0.000000000000000   0.000000000000000   1.000000000000000   1.000000000000000   
0.000000000000000   0.000000000000000   1.000000000000000   1.000000000000000   
0.000000000000000   3.000000000000000   0.000000000000000   3.000000000000000   
4.000000000000000   4.000000000000000   7.000000000000000   7.000000000000000   
1.000000000000000   1.000000000000000   1.000000000000000   1.000000000000000   
PATCH 5 
1 1 
2 2 
0.000000000000000   0.000000000000000   1.000000000000000   1.000000000000000   
0.000000000000000   0.000000000000000   1.000000000000000   1.000000000000000   
0.000000000000000   3.000000000000000   0.000000000000000   3.000000000000000   
3.000000000000000   3.000000000000000   4.000000000000000   4.000000000000000   
1.000000000000000   1.000000000000000   1.000000000000000   1.000000000000000   
PATCH 6 
1 1 
2 2 
0.000000000000000   0.000000000000000   1.000000000000000   1.000000000000000   
0.000000000000000   0.000000000000000   1.000000000000000   1.000000000000000   
0.000000000000000   3.000000000000000   0.000000000000000   3.000000000000000   
0.000000000000000   0.000000000000000   3.000000000000000   3.000000000000000   
1.000000000000000   1.000000000000000   1.000000000000000   1.000000000000000   
PATCH 7 
1 1 
2 2 
0.000000000000000   0.000000000000000   1.000000000000000   1.000000000000000   
0.000000000000000   0.000000000000000   1.000000000000000   1.000000000000000   
-3.000000000000000   0.000000000000000   -3.000000000000000   0.000000000000000   
0.000000000000000   0.000000000000000   3.000000000000000   3.000000000000000   
1.000000000000000   1.000000000000000   1.000000000000000   1.000000000000000   
PATCH 8 
1 1 
2 2 
0.000000000000000   0.000000000000000   1.000000000000000   1.000000000000000   
0.000000000000000   0.000000000000000   1.000000000000000   1.000000000000000   
-3.000000000000000   0.000000000000000   -3.000000000000000   0.000000000000000   
3.000000000000000   3.000000000000000   4.000000000000000   4.000000000000000   
1.000000000000000   1.000000000000000   1.000000000000000   1.000000000000000   
PATCH 9 
1 1 
2 2 
0.000000000000000   0.000000000000000   1.000000000000000   1.000000000000000   
0.000000000000000   0.000000000000000   1.000000000000000   1.000000000000000   
-3.000000000000000   0.000000000000000   -3.000000000000000   0.000000000000000   
4.000000000000000   4.000000000000000   7.000000000000000   7.000000000000000   
1.000000000000000   1.000000000000000   1.000000000000000   1.000000000000000   
INTERFACE 1 
1 1 
6 2 
1 
INTERFACE 2 
1 4 
2 3 
1 
INTERFACE 3 
2 1 
5 2 
1 
INTERFACE 4 
2 4 
3 3 
1 
INTERFACE 5 
3 1 
4 2 
1 
INTERFACE 6 
4 1 
9 2 
1 
INTERFACE 7 
4 3 
5 4 
1 
INTERFACE 8 
5 1 
8 2 
1 
INTERFACE 9 
5 3 
6 4 
1 
INTERFACE 10 
6 1 
7 2 
1 
INTERFACE 11 
7 4 
8 3 
1 
INTERFACE 12 
8 4 
9 3 
1 
BOUNDARY 1 
12 
1 2 
1 3 
2 2 
3 2 
3 4 
4 4 
6 3 
7 1 
7 3 
8 1 
9 1 
9 4 
